3 0.08369565234375 1 0.110869564453125 0.99347826171875 0.15652173828125 0.99130434765625 0.171739130859375 0.971739130859375 0.169565216796875 0.939130435546875 0.145652173828125 0.910869564453125 0.14130434765625 0.8826086953125 0.119565216796875 0.8673913046875 0.089130435546875 0.869565216796875 0.039130435546875 0.8826086953125 0.0173913046875 0.910869564453125 0 0.922463767578125 0 1 0.08369565234375 1
3 0 0.721376810546875 0.010869564453125 0.719565216796875 0.034782609375 0.7 0.071739130859375 0.69347826171875 0.036956521484375 0.65869565234375 0.019565216796875 0.665217390625 0.004347826171875 0.680434783203125 0 0.707971015625 0 0.721376810546875
1 0.052173912109375 0.24130434765625 0.07608695703125 0.228260869140625 0.1 0.202173912109375 0.1 0.186956521484375 0.0826086953125 0.184782609375 0.07391304296875 0.171739130859375 0.05869565234375 0.17391304296875 0.039130435546875 0.215217390625 0.052173912109375 0.230434783203125 0.052173912109375 0.24130434765625
0 0.02608695703125 0.139130435546875 0.02608695703125 0.17391304296875 0.0326086953125 0.186956521484375 0.045652173828125 0.180434783203125 0.02608695703125 0.139130435546875
4 0.0673913046875 0.163043478515625 0.07608695703125 0.163043478515625 0.080434783203125 0.171739130859375 0.10652173828125 0.171739130859375 0.136956521484375 0.119565216796875 0.134782609375 0.110869564453125 0.12391304296875 0.1173913046875 0.095652173828125 0.1173913046875 0.086956521484375 0.089130435546875 0.080434783203125 0.0826086953125 0.07608695703125 0.089130435546875 0.086956521484375 0.10869565234375 0.07391304296875 0.1173913046875 0.0673913046875 0.163043478515625
0 0.052173912109375 0.15869565234375 0.054347826171875 0.152173912109375 0.04347826171875 0.147826087890625 0.054347826171875 0.136956521484375 0.039130435546875 0.139130435546875 0.045652173828125 0.165217390625 0.045652173828125 0.15652173828125 0.052173912109375 0.15869565234375
0 0 0 0 0.027950310546875 0.021739130859375 0.065217390625 0.02391304296875 0.0773913046875 0.02391304296875 0.069565216796875 0.0326086953125 0.07018695703125 0.02724900390625 0 0 0
3 0.07391304296875 0 0.07391304296875 0.054347826171875 0.07608695703125 0.07608695703125 0.09347826171875 0.09347826171875 0.102173912109375 0.1173913046875 0.1173913046875 0.1173913046875 0.136956521484375 0.104347826171875 0.145652173828125 0.069565216796875 0.171739130859375 0.030434783203125 0.171739130859375 0 0.07391304296875 0
1 0 0.91630434765625 0.019565216796875 0.90652173828125 0.04347826171875 0.87608695703125 0.071739130859375 0.87608695703125 0.10652173828125 0.863043478515625 0.130434783203125 0.8673913046875 0.130434783203125 0.854347826171875 0.1173913046875 0.845652173828125 0.110869564453125 0.82608695703125 0.07391304296875 0.8326086953125 0.045652173828125 0.84130434765625 0.02391304296875 0.860869564453125 0.004347826171875 0.8673913046875 0 0.87681159375 0 0.91630434765625
1 0.252173912109375 0.130434783203125 0.236956521484375 0.130434783203125 0.22608695703125 0.121739130859375 0.213043478515625 0.080434783203125 0.2 0.069565216796875 0.17391304296875 0.080434783203125 0.171739130859375 0.136956521484375 0.202173912109375 0.145652173828125 0.204347826171875 0.154347826171875 0.1173913046875 0.202173912109375 0.071739130859375 0.236956521484375 0.030434783203125 0.284782609375 0.019565216796875 0.330434783203125 0.013043478515625 0.4173913046875 0.0173913046875 0.571739130859375 0.02391304296875 0.584782609375 0.02608695703125 0.62608695703125 0.05 0.669565216796875 0.115217390625 0.721739130859375 0.169565216796875 0.75 0.2 0.77608695703125 0.165217390625 0.797826087890625 0.165217390625 0.8326086953125 0.171739130859375 0.852173912109375 0.1826086953125 0.860869564453125 0.204347826171875 0.85652173828125 0.221739130859375 0.79347826171875 0.2326086953125 0.79130434765625 0.321739130859375 0.839130435546875 0.380434783203125 0.889130435546875 0.428260869140625 0.90869565234375 0.4826086953125 0.9173913046875 0.6 0.915217390625 0.69347826171875 0.92391304296875 0.75652173828125 0.90869565234375 0.778260869140625 0.8826086953125 0.771739130859375 0.869565216796875 0.789130435546875 0.8673913046875 0.789130435546875 0.85869565234375 0.795652173828125 0.85869565234375 0.810869564453125 0.80869565234375 0.8173913046875 0.80652173828125 0.819565216796875 0.79130434765625 0.797826087890625 0.77608695703125 0.810869564453125 0.77608695703125 0.819565216796875 0.75869565234375 0.8173913046875 0.747826087890625 0.82608695703125 0.74347826171875 0.82608695703125 0.689130435546875 0.8173913046875 0.686956521484375 0.819565216796875 0.613043478515625 0.828260869140625 0.545652173828125 0.836956521484375 0.54347826171875 0.839130435546875 0.554347826171875 0.845652173828125 0.55 0.839130435546875 0.545652173828125 0.845652173828125 0.539130435546875 0.84130434765625 0.515217390625 0.82608695703125 0.495652173828125 0.845652173828125 0.478260869140625 0.84130434765625 0.452173912109375 0.847826087890625 0.45 0.8326086953125 0.430434783203125 0.84130434765625 0.415217390625 0.84130434765625 0.395652173828125 0.8326086953125 0.395652173828125 0.836956521484375 0.389130435546875 0.82608695703125 0.360869564453125 0.845652173828125 0.345652173828125 0.84130434765625 0.32608695703125 0.82608695703125 0.321739130859375 0.82391304296875 0.25652173828125 0.8326086953125 0.219565216796875 0.82608695703125 0.215217390625 0.830434783203125 0.180434783203125 0.82608695703125 0.165217390625 0.819565216796875 0.163043478515625 0.82608695703125 0.15869565234375 0.830434783203125 0.12608695703125 0.8173913046875 0.119565216796875 0.810869564453125 0.089130435546875 0.7673913046875 0.028260869140625 0.734782609375 0.02608695703125 0.713043478515625 0.013043478515625 0.484782609375 0.013043478515625 0.44130434765625 0.019565216796875 0.384782609375 0.04130434765625 0.32391304296875 0.089130435546875 0.252173912109375 0.130434783203125
0 0.052173912109375 0.234782609375 0.045652173828125 0.215217390625 0.030434783203125 0.221739130859375 0.030434783203125 0.27608695703125 0.052173912109375 0.247826087890625 0.052173912109375 0.234782609375
0 0.030434783203125 0.65869565234375 0.02608695703125 0.630434783203125 0.019565216796875 0.62391304296875 0.010869564453125 0.62608695703125 0.004347826171875 0.6326086953125 0.004347826171875 0.67391304296875 0.030434783203125 0.65869565234375
0 0.12391304296875 0.847826087890625 0.1173913046875 0.852173912109375 0.121739130859375 0.863043478515625 0.130434783203125 0.863043478515625 0.12391304296875 0.847826087890625
3 0 0.882065216796875 0.00652173828125 0.8673913046875 0.04347826171875 0.84130434765625 0.09130434765625 0.82608695703125 0.1173913046875 0.8326086953125 0.121739130859375 0.813043478515625 0.102173912109375 0.797826087890625 0.102173912109375 0.784782609375 0.09347826171875 0.778260869140625 0.045652173828125 0.784782609375 0.00652173828125 0.8 0 0.819565216796875 0 0.882065216796875
3 0 0.810869564453125 0.00652173828125 0.797826087890625 0.065217390625 0.778260869140625 0.084782609375 0.778260869140625 0.113043478515625 0.8 0.115217390625 0.765217390625 0.086956521484375 0.70869565234375 0.071739130859375 0.695652173828125 0.05869565234375 0.702173912109375 0.030434783203125 0.702173912109375 0 0.728550724609375 0 0.810869564453125
0 0.171739130859375 1 0.165217390625 0.99347826171875 0.12391304296875 0.99347826171875 0.095652173828125 1 0.171739130859375 1