3 0.931640625 0.16015625 0.9609375 0.162109375 0.978515625 0.1484375 0.98046875 0.107421875 0.9921875 0.05859375 0.998046875 0.0546875 0.998046875 0.00390625 0.921875 0 0.90625 0.0234375 0.880859375 0.04296875 0.869140625 0.087890625 0.8671875 0.115234375 0.880859375 0.134765625 0.90625 0.138671875 0.931640625 0.16015625
3 0.734375 0.017578125 0.736328125 0.005859375 0.69921875 0.01171875 0.685546875 0.025390625 0.6796875 0.041015625 0.7109375 0.072265625 0.716796875 0.0390625 0.734375 0.017578125
1 0.26953125 0.09765625 0.29296875 0.076171875 0.3046875 0.0546875 0.294921875 0.0546875 0.28125 0.04296875 0.244140625 0.060546875 0.2421875 0.07421875 0.25390625 0.08203125 0.255859375 0.09765625 0.26953125 0.09765625
0 0.244140625 0.03125 0.212890625 0.03125 0.25 0.048828125 0.255859375 0.037109375 0.244140625 0.03125
4 0.193359375 0.119140625 0.1875 0.12890625 0.1953125 0.130859375 0.2421875 0.103515625 0.2421875 0.080078125 0.234375 0.076171875 0.234375 0.068359375 0.193359375 0.07421875 0.185546875 0.0859375 0.16796875 0.076171875 0.162109375 0.080078125 0.16796875 0.0859375 0.193359375 0.09375 0.193359375 0.119140625
0 0.23046875 0.0546875 0.228515625 0.048828125 0.236328125 0.048828125 0.212890625 0.04296875 0.2109375 0.056640625 0.220703125 0.046875 0.224609375 0.056640625 0.23046875 0.0546875
0 0.037109375 0 0.03515625 0.00390625 0.07421875 0.03125 0.15094921875 0.037109375 0.150390625 0.029296875 0.157421875 0.029296875 0.146484375 0.02734375 0.099609375 0 0.037109375 0
3 0 0.13671875 0.048828125 0.142578125 0.06640625 0.162109375 0.115234375 0.162109375 0.150390625 0.138671875 0.181640625 0.130859375 0.193359375 0.11328125 0.193359375 0.099609375 0.171875 0.091796875 0.15625 0.076171875 0.13671875 0.07421875 0 0.07421875 0 0.13671875
0 0.080078125 0.037109375 0.08203125 0.04296875 0.0859375 0.037109375 0.080078125 0.037109375
0 0 0 0 0.0625 0.005859375 0.0625 0.013671875 0.044921875 0.037109375 0.037109375 0.0234375 0.033203125 0.0234375 0.025390625 0.04296875 0.013671875 0.029296875 0 0 0
1 0.8671875 0.125 0.86328125 0.103515625 0.875 0.072265625 0.875 0.046875 0.90234375 0.025390625 0.912109375 0.005859375 0.892578125 0 0.8671875 0.01171875 0.861328125 0.029296875 0.84375 0.048828125 0.8359375 0.07421875 0.830078125 0.107421875 0.84765625 0.11328125 0.85546875 0.125 0.8671875 0.125
1 0.11328125 0.697265625 0.16796875 0.736328125 0.1953125 0.7421875 0.201171875 0.75390625 0.23046875 0.75 0.234375 0.744140625 0.236328125 0.75 0.25 0.75390625 0.28125 0.75 0.28515625 0.755859375 0.318359375 0.748046875 0.376953125 0.75 0.380859375 0.763671875 0.3984375 0.767578125 0.412109375 0.75 0.4375 0.759765625 0.443359375 0.755859375 0.443359375 0.763671875 0.4609375 0.763671875 0.474609375 0.755859375 0.4921875 0.76953125 0.494140625 0.763671875 0.517578125 0.767578125 0.533203125 0.75 0.55078125 0.763671875 0.572265625 0.767578125 0.578125 0.76171875 0.58203125 0.767578125 0.5859375 0.76171875 0.576171875 0.759765625 0.578125 0.751953125 0.638671875 0.744140625 0.705078125 0.7421875 0.70703125 0.75 0.755859375 0.75 0.759765625 0.7421875 0.76953125 0.744140625 0.78515625 0.736328125 0.78515625 0.724609375 0.798828125 0.744140625 0.8125 0.7421875 0.814453125 0.736328125 0.859375 0.72265625 0.859375 0.716796875 0.8671875 0.716796875 0.869140625 0.701171875 0.880859375 0.70703125 0.904296875 0.6875 0.91796875 0.630859375 0.91015625 0.546875 0.912109375 0.44140625 0.904296875 0.392578125 0.88671875 0.349609375 0.841796875 0.296875 0.798828125 0.216796875 0.80078125 0.20703125 0.857421875 0.19140625 0.861328125 0.171875 0.853515625 0.162109375 0.8359375 0.15625 0.8046875 0.15625 0.78515625 0.1875 0.76171875 0.16015625 0.736328125 0.111328125 0.689453125 0.052734375 0.650390625 0.03125 0.61328125 0.029296875 0.6015625 0.0234375 0.462890625 0.01953125 0.384765625 0.025390625 0.34375 0.03515625 0.30078125 0.072265625 0.26953125 0.11328125 0.2265625 0.19140625 0.21875 0.189453125 0.2109375 0.162109375 0.16015625 0.1640625 0.150390625 0.1875 0.16015625 0.19921875 0.197265625 0.2109375 0.205078125 0.220703125 0.205078125 0.234375 0.16796875 0.298828125 0.125 0.353515625 0.10546875 0.404296875 0.099609375 0.443359375 0.099609375 0.6484375 0.111328125 0.66796875 0.11328125 0.697265625
0 0.3359375 0.03515625 0.287109375 0.03515625 0.28125 0.048828125 0.298828125 0.0546875 0.310546875 0.0546875 0.3359375 0.03515625
0 0.693359375 0.01171875 0.65625 0.01171875 0.650390625 0.017578125 0.6484375 0.025390625 0.654296875 0.03125 0.6796875 0.03515625 0.693359375 0.01171875
0 0.853515625 0.11328125 0.849609375 0.119140625 0.86328125 0.125 0.86328125 0.1171875 0.853515625 0.11328125
3 0.84765625 0 0.806640625 0.013671875 0.79296875 0.048828125 0.787109375 0.091796875 0.79296875 0.099609375 0.8046875 0.099609375 0.818359375 0.1171875 0.8359375 0.11328125 0.830078125 0.08984375 0.84375 0.046875 0.8671875 0.013671875 0.884765625 0.005859375 0.884765625 0 0.876953125 0.005859375 0.872396484375 0 0.84765625 0
3 0.775390625 0.111328125 0.806640625 0.109375 0.787109375 0.083984375 0.787109375 0.06640625 0.8046875 0.013671875 0.82421875 0.00390625 0.744140625 0.005859375 0.71875 0.03515625 0.71875 0.060546875 0.712890625 0.072265625 0.724609375 0.0859375 0.775390625 0.111328125
0 0.998046875 0.162109375 0.998046875 0.060546875 0.9921875 0.068359375 0.98046875 0.119140625 0.98046875 0.15625 0.986328125 0.162109375 0.998046875 0.162109375