3 0.3203125 0.361328125 0.333984375 0.384765625 0.349609375 0.392578125 0.373046875 0.392578125 0.390625 0.380859375 0.3984375 0.3671875 0.630859375 0.3671875 0.64453125 0.38671875 0.6796875 0.392578125 0.697265625 0.3828125 0.705078125 0.369140625 0.736328125 0.359375 0.736328125 0.318359375 0.71875 0.287109375 0.654296875 0.275390625 0.61328125 0.275390625 0.560546875 0.23828125 0.525390625 0.224609375 0.34765625 0.22265625 0.34375 0.228515625 0.30078125 0.23046875 0.2734375 0.263671875 0.26171875 0.279296875 0.263671875 0.349609375 0.29296875 0.361328125 0.3203125 0.361328125
3 0.78125 0.859375 0.78125 0.8671875 0.79296875 0.869140625 0.78515625 0.896484375 0.78125 0.98046875 0.8046875 0.986328125 0.8125 0.966796875 0.837890625 0.962890625 0.916015625 0.962890625 0.939453125 0.966796875 0.943359375 0.984375 0.966796875 0.984375 0.96875 0.90625 0.955078125 0.869140625 0.96875 0.8671875 0.96875 0.859375 0.955078125 0.85546875 0.955078125 0.861328125 0.94921875 0.861328125 0.9375 0.826171875 0.912109375 0.818359375 0.8359375 0.818359375 0.8125 0.826171875 0.8046875 0.85546875 0.798828125 0.861328125 0.79296875 0.85546875 0.78125 0.859375
3 0.26171875 0.748046875 0.30078125 0.76171875 0.322265625 0.76171875 0.326171875 0.7734375 0.34765625 0.791015625 0.384765625 0.787109375 0.3984375 0.767578125 0.62890625 0.765625 0.6484375 0.787109375 0.673828125 0.79296875 0.69140625 0.787109375 0.70703125 0.767578125 0.734375 0.76171875 0.736328125 0.755859375 0.734375 0.7109375 0.716796875 0.685546875 0.66796875 0.67578125 0.60546875 0.673828125 0.568359375 0.642578125 0.53515625 0.625 0.3671875 0.625 0.361328125 0.619140625 0.34765625 0.619140625 0.333984375 0.62890625 0.298828125 0.630859375 0.298828125 0.638671875 0.28125 0.66015625 0.26171875 0.67578125 0.26171875 0.748046875
3 0.26171875 0.939453125 0.298828125 0.955078125 0.322265625 0.955078125 0.33203125 0.974609375 0.34765625 0.984375 0.375 0.984375 0.3984375 0.9609375 0.6328125 0.9609375 0.654296875 0.984375 0.681640625 0.984375 0.69140625 0.98046875 0.705078125 0.9609375 0.71875 0.9609375 0.736328125 0.94921875 0.736328125 0.912109375 0.716796875 0.87890625 0.673828125 0.869140625 0.611328125 0.8671875 0.53515625 0.818359375 0.3671875 0.818359375 0.34765625 0.8125 0.345703125 0.818359375 0.33203125 0.822265625 0.296875 0.826171875 0.298828125 0.83203125 0.28515625 0.849609375 0.26171875 0.869140625 0.26171875 0.939453125
3 0.056640625 0.16015625 0.0625 0.15625 0.1796875 0.15625 0.185546875 0.16015625 0.1875 0.181640625 0.205078125 0.181640625 0.2109375 0.17578125 0.2109375 0.10546875 0.205078125 0.076171875 0.193359375 0.0625 0.185546875 0.029296875 0.17578125 0.017578125 0.12890625 0.01171875 0.06640625 0.017578125 0.0546875 0.03125 0.046875 0.06640625 0.037109375 0.080078125 0.03125 0.10546875 0.03125 0.1796875 0.0546875 0.181640625 0.056640625 0.16015625
3 0.060546875 0.56640625 0.18359375 0.56640625 0.1875 0.591796875 0.20703125 0.591796875 0.2109375 0.5859375 0.2109375 0.505859375 0.1796875 0.4296875 0.15234375 0.423828125 0.068359375 0.42578125 0.056640625 0.4375 0.048828125 0.46875 0.037109375 0.48046875 0.03125 0.505859375 0.03515625 0.591796875 0.0546875 0.591796875 0.060546875 0.56640625
3 0.79296875 0.4765625 0.78125 0.53125 0.78515625 0.591796875 0.8046875 0.591796875 0.806640625 0.580078125 0.82421875 0.572265625 0.93359375 0.572265625 0.943359375 0.576171875 0.943359375 0.591796875 0.966796875 0.591796875 0.96875 0.51171875 0.955078125 0.4765625 0.96875 0.474609375 0.96875 0.462890625 0.955078125 0.4609375 0.951171875 0.46875 0.935546875 0.431640625 0.91796875 0.42578125 0.859375 0.423828125 0.818359375 0.4296875 0.8046875 0.462890625 0.78125 0.462890625 0.78125 0.474609375 0.79296875 0.4765625
3 0.056640625 0.767578125 0.0625 0.763671875 0.1796875 0.763671875 0.185546875 0.767578125 0.1875 0.791015625 0.20703125 0.791015625 0.2109375 0.705078125 0.205078125 0.685546875 0.193359375 0.671875 0.1875 0.642578125 0.17578125 0.62890625 0.12890625 0.623046875 0.072265625 0.625 0.056640625 0.63671875 0.048828125 0.66796875 0.037109375 0.681640625 0.03125 0.705078125 0.03125 0.791015625 0.0546875 0.791015625 0.056640625 0.767578125
3 0.05859375 0.3671875 0.173828125 0.36328125 0.185546875 0.3671875 0.1875 0.392578125 0.20703125 0.392578125 0.2109375 0.306640625 0.1796875 0.23046875 0.15625 0.224609375 0.0859375 0.224609375 0.0625 0.23046875 0.048828125 0.26953125 0.037109375 0.28125 0.03125 0.306640625 0.03515625 0.392578125 0.0546875 0.392578125 0.05859375 0.3671875
3 0.787109375 0.181640625 0.8046875 0.181640625 0.8125 0.162109375 0.939453125 0.162109375 0.943359375 0.181640625 0.96875 0.1796875 0.96875 0.099609375 0.95703125 0.0703125 0.966796875 0.06640625 0.96875 0.056640625 0.962890625 0.05078125 0.94921875 0.056640625 0.935546875 0.021484375 0.884765625 0.013671875 0.82421875 0.017578125 0.8125 0.025390625 0.798828125 0.060546875 0.79296875 0.05078125 0.783203125 0.052734375 0.78125 0.0625 0.79296875 0.068359375 0.78125 0.111328125 0.787109375 0.181640625
3 0.79609375 0.67578125 0.784375 0.712890625 0.784375 0.787109375 0.790234375 0.79296875 0.8078125 0.79296875 0.815625 0.7734375 0.9171875 0.76953125 0.942578125 0.7734375 0.946484375 0.79296875 0.96796875 0.79296875 0.971875 0.7109375 0.958203125 0.67578125 0.971875 0.673828125 0.971875 0.666015625 0.96015625 0.662109375 0.954296875 0.66796875 0.938671875 0.630859375 0.92109375 0.625 0.8390625 0.625 0.81953125 0.630859375 0.8078125 0.662109375 0.784375 0.666015625 0.784375 0.673828125 0.79609375 0.67578125
3 0.333984375 0.583984375 0.349609375 0.591796875 0.375 0.591796875 0.3984375 0.568359375 0.50390625 0.56640625 0.62890625 0.56640625 0.64453125 0.5859375 0.6796875 0.591796875 0.693359375 0.5859375 0.705078125 0.568359375 0.724609375 0.56640625 0.736328125 0.556640625 0.734375 0.51171875 0.716796875 0.486328125 0.6484375 0.474609375 0.609375 0.474609375 0.560546875 0.4375 0.53515625 0.42578125 0.34765625 0.421875 0.298828125 0.431640625 0.298828125 0.44140625 0.265625 0.474609375 0.26171875 0.548828125 0.29296875 0.560546875 0.3203125 0.5625 0.333984375 0.583984375
3 0.287109375 0.1484375 0.3203125 0.150390625 0.34375 0.1796875 0.380859375 0.1796875 0.39453125 0.162109375 0.41796875 0.15625 0.630859375 0.15625 0.650390625 0.1796875 0.673828125 0.181640625 0.6875 0.1796875 0.703125 0.162109375 0.736328125 0.1484375 0.736328125 0.109375 0.72265625 0.078125 0.6875 0.068359375 0.61328125 0.06640625 0.54296875 0.017578125 0.5078125 0.01171875 0.34765625 0.01171875 0.34375 0.017578125 0.296875 0.0234375 0.298828125 0.03125 0.26171875 0.068359375 0.26171875 0.13671875 0.287109375 0.1484375
3 0.78125 0.2734375 0.79296875 0.2734375 0.796875 0.279296875 0.78515625 0.306640625 0.78515625 0.392578125 0.8046875 0.392578125 0.81640625 0.373046875 0.939453125 0.373046875 0.943359375 0.392578125 0.966796875 0.392578125 0.96875 0.310546875 0.955078125 0.279296875 0.96875 0.2734375 0.966796875 0.26171875 0.955078125 0.26171875 0.951171875 0.26953125 0.931640625 0.23046875 0.89453125 0.224609375 0.818359375 0.23046875 0.798828125 0.26953125 0.794921875 0.26171875 0.78125 0.263671875 0.78125 0.2734375
3 0.0546875 0.9609375 0.060546875 0.95703125 0.1796875 0.95703125 0.185546875 0.9609375 0.1875 0.984375 0.205078125 0.986328125 0.2109375 0.978515625 0.2109375 0.8984375 0.1796875 0.82421875 0.16796875 0.818359375 0.072265625 0.818359375 0.056640625 0.830078125 0.048828125 0.861328125 0.037109375 0.875 0.03125 0.8984375 0.03125 0.984375 0.0546875 0.984375 0.0546875 0.9609375