3 0.330698287109375 1 0.320158103515625 0.952569169921875 0.320158103515625 0.922924900390625 0.314229248046875 0.913043478515625 0.314229248046875 0.885375494140625 0.30830039453125 0.88142292578125 0.3003952578125 0.832015810546875 0.274703556640625 0.82213438671875 0.27075098828125 0.792490119140625 0.167984189453125 0.67786561328125 0.167984189453125 0.936758892578125 0.22038396484375 1 0.330698287109375 1
0 0.264822134765625 0.806324111328125 0.25691699609375 0.816205533203125 0.264822134765625 0.818181818359375 0.268774703125 0.79841897265625 0.25691699609375 0.786561265625 0.25691699609375 0.802371541015625 0.264822134765625 0.806324111328125
0 0.25691699609375 0.8754940703125 0.250988142578125 0.879446640625 0.239130435546875 0.8932806328125 0.24308300390625 0.899209486328125 0.25691699609375 0.8932806328125 0.260869564453125 0.88142292578125 0.25691699609375 0.8754940703125
0 0.19169960546875 0.861660078125 0.193675888671875 0.89130434765625 0.1996047421875 0.89130434765625 0.211462451171875 0.88142292578125 0.211462451171875 0.861660078125 0.19169960546875 0.861660078125
0 0.18774703515625 0.82213438671875 0.20553359765625 0.82213438671875 0.193675888671875 0.806324111328125 0.1897233203125 0.80830039453125 0.18774703515625 0.82213438671875
0 0.177734375 0.80859375 0.00390625 0.00390625
0 0.1996047421875 0.77075098828125 0.211462451171875 0.764822134765625 0.21936758984375 0.776679841796875 0.2173913046875 0.766798419921875 0.1996047421875 0.752964427734375 0.18774703515625 0.7549407109375 0.17391304296875 0.766798419921875 0.175889328125 0.774703556640625 0.197628458984375 0.768774703125 0.20158102734375 0.778656126953125 0.1996047421875 0.77075098828125
0 0.171936759765625 0.735177865234375 0.167984189453125 0.739130435546875 0.17391304296875 0.74308300390625 0.171936759765625 0.735177865234375
0 0.169921875 0.751953125 0.00390625 0.005859375
3 0.739624505859375 1 0.74308300390625 0.99802371484375 0.74110671875 0.9308300390625 0.697628458984375 0.89130434765625 0.628458498046875 0.90513833984375 0.533596837890625 0.90513833984375 0.49802371484375 0.887351779296875 0.466403162109375 0.88142292578125 0.416996046875 0.85375494140625 0.3893280625 0.80830039453125 0.3893280625 0.792490119140625 0.369565216796875 0.75889328125 0.369565216796875 0.747035572265625 0.36363636328125 0.7450592890625 0.36363636328125 0.7035573125 0.35177865625 0.685770751953125 0.355731224609375 0.64822134375 0.324110671875 0.5 0.286561265625 0.478260869140625 0.286561265625 0.452569169921875 0.276679841796875 0.438735177734375 0.17391304296875 0.32213438671875 0.167984189453125 0.32213438671875 0.167984189453125 0.666007904296875 0.235177865234375 0.74308300390625 0.237154150390625 0.752964427734375 0.252964427734375 0.762845849609375 0.306324111328125 0.824110671875 0.30830039453125 0.861660078125 0.318181818359375 0.879446640625 0.314229248046875 0.90513833984375 0.32608695703125 0.924901185546875 0.32608695703125 0.95652173828125 0.3379446640625 0.98418972265625 0.3379446640625 1 0.565217390625 1 0.59802371484375 1 0.602766798828125 0.996047431640625 0.605928853515625 1 0.739624505859375 1
0 0.3408203125 0.0498046875 0.005859375 0.00390625
3 0.30830039453125 0 0.3754940703125 0.077075099609375 0.37747035546875 0.114624505859375 0.3893280625 0.142292490234375 0.415019763671875 0.2964426875 0.454545455078125 0.44268774609375 0.48418972265625 0.505928853515625 0.527667984375 0.531620552734375 0.592885375 0.545454544921875 0.6245059296875 0.565217390625 0.685770751953125 0.565217390625 0.7272727265625 0.55731225390625 0.7450592890625 0.565217390625 0.804347826171875 0.549407115234375 0.814229248046875 0.52569169921875 0.8379446640625 0.507905138671875 0.8379446640625 0.450592884765625 0.830039525390625 0.44268774609375 0.8379446640625 0.399209486328125 0.8379446640625 0.0691699609375 0.832015810546875 0.035573123046875 0.8379446640625 0 0.30830039453125 0
0 0.3017578125 0.4814453125 0.001953125 0.001953125
0 0.3003952578125 0.4762845859375 0.3003952578125 0.47035573046875 0.2826086953125 0.45652173828125 0.2826086953125 0.47430830078125 0.3003952578125 0.4762845859375
0 0.24308300390625 0.533596837890625 0.237154150390625 0.519762845703125 0.22924901171875 0.5237154140625 0.22924901171875 0.531620552734375 0.2450592890625 0.545454544921875 0.264822134765625 0.545454544921875 0.260869564453125 0.533596837890625 0.24308300390625 0.533596837890625
0 0.274703556640625 0.45652173828125 0.262845849609375 0.438735177734375 0.24110671875 0.422924900390625 0.235177865234375 0.407114625 0.225296443359375 0.416996046875 0.231225296875 0.428853755859375 0.22924901171875 0.450592884765625 0.239130435546875 0.454545455078125 0.2450592890625 0.468379447265625 0.274703556640625 0.45652173828125
3 0.167984189453125 0 0.167984189453125 0.29841897265625 0.207509880859375 0.35375494140625 0.223320158203125 0.36363636328125 0.332015810546875 0.496047431640625 0.332015810546875 0.5237154140625 0.345849802734375 0.559288537109375 0.345849802734375 0.600790513671875 0.357707509765625 0.626482212890625 0.371541501953125 0.7272727265625 0.401185771484375 0.818181818359375 0.426877470703125 0.855731224609375 0.51185770703125 0.88142292578125 0.535573123046875 0.899209486328125 0.66007905078125 0.8932806328125 0.679841896484375 0.887351779296875 0.7035573125 0.855731224609375 0.725296443359375 0.84980237109375 0.74308300390625 0.8102766796875 0.788537548828125 0.802371541015625 0.830039525390625 0.7727272734375 0.8379446640625 0.7549407109375 0.8379446640625 0.626482212890625 0.833992095703125 0.602766798828125 0.824110671875 0.588932806640625 0.788537548828125 0.563241107421875 0.7549407109375 0.5691699609375 0.711462451171875 0.565217390625 0.62252964453125 0.571146244140625 0.60869565234375 0.55731225390625 0.5415019765625 0.54347826171875 0.517786560546875 0.531620552734375 0.48814229296875 0.5138339921875 0.472332015625 0.494071146484375 0.44664031640625 0.44466403125 0.440711462890625 0.401185771484375 0.4209486171875 0.34980237109375 0.41897233203125 0.318181818359375 0.39130434765625 0.213438734375 0.387351779296875 0.16007905078125 0.369565216796875 0.112648220703125 0.369565216796875 0.083003953125 0.32608695703125 0.063241107421875 0.320158103515625 0.027667984375 0.2964426875 0.005928853515625 0.29525691796875 0 0.167984189453125 0
0 0.214963298828125 1 0.167984189453125 0.936758892578125 0.17391304296875 0.950592884765625 0.167984189453125 0.95652173828125 0.166007904296875 0.98814229296875 0.1673254296875 1 0.214963298828125 1