3 0.05048409375 1 0.051867220703125 0.997925310546875 0.103734439453125 0.985477177734375 0.147302904296875 0.983402490234375 0.1618257265625 0.964730291015625 0.159751037109375 0.933609958984375 0.1369294609375 0.90663900390625 0.13278008203125 0.879668048828125 0.1120331953125 0.865145228515625 0.082987552734375 0.86721991796875 0.035269708984375 0.879668048828125 0.014522822265625 0.90663900390625 0 0.91632088671875 0 1 0.05048409375 1
3 0 0.725449515625 0.008298755859375 0.724066390625 0.03112033203125 0.70539419140625 0.066390041015625 0.699170125 0.033195021484375 0.665975103515625 0.016597509765625 0.672199169921875 0.002074689453125 0.6867219921875 0 0.6998616875 0 0.725449515625
1 0.09336099609375 0.23029045703125 0.09336099609375 0.215767634765625 0.076763486328125 0.2136929453125 0.06846473046875 0.2012448125 0.053941908203125 0.203319501953125 0.035269708984375 0.24273858984375 0.047717841796875 0.25726141015625 0.047717841796875 0.26763485546875 0.070539419921875 0.25518672265625 0.09336099609375 0.23029045703125
0 0.029045642578125 0.215767634765625 0.041493775390625 0.209543568359375 0.022821576171875 0.17012448046875 0.022821576171875 0.203319501953125 0.029045642578125 0.215767634765625
4 0.074688796875 0.2012448125 0.0995850625 0.2012448125 0.128630705078125 0.15145228125 0.126556015625 0.14315352734375 0.116182572265625 0.14937759375 0.089211619140625 0.14937759375 0.08091286328125 0.122406638671875 0.074688796875 0.116182572265625 0.070539419921875 0.122406638671875 0.08091286328125 0.141078837890625 0.06846473046875 0.14937759375 0.0622406640625 0.19294605859375 0.070539419921875 0.19294605859375 0.074688796875 0.2012448125
0 0.039419087890625 0.178423236328125 0.04979253125 0.16804979296875 0.035269708984375 0.17012448046875 0.041493775390625 0.19502074609375 0.041493775390625 0.1867219921875 0.047717841796875 0.1887966796875 0.04979253125 0.18257261328125 0.039419087890625 0.178423236328125
0 0 0 0 0.067575578125 0.01867219921875 0.0995850625 0.020746888671875 0.1112033203125 0.020746888671875 0.103734439453125 0.029045642578125 0.10432780078125 0.022821576171875 0.022821576171875 0.00684647265625 0 0 0
3 0.06846473046875 0 0.06846473046875 0.089211619140625 0.070539419921875 0.109958505859375 0.0871369296875 0.126556015625 0.095435685546875 0.14937759375 0.109958505859375 0.14937759375 0.128630705078125 0.1369294609375 0.1369294609375 0.103734439453125 0.1618257265625 0.066390041015625 0.1618257265625 0.014522822265625 0.1456892578125 0 0.06846473046875 0
0 0.029045642578125 0.029045642578125 0.029045642578125 0.035269708984375 0.035269708984375 0.03112033203125 0.029045642578125 0.029045642578125
1 0 0.910788380859375 0.016597509765625 0.902489626953125 0.039419087890625 0.873443984375 0.066390041015625 0.873443984375 0.0995850625 0.8609958515625 0.122406638671875 0.865145228515625 0.122406638671875 0.852697095703125 0.109958505859375 0.84439833984375 0.103734439453125 0.825726140625 0.06846473046875 0.83195020703125 0.041493775390625 0.840248962890625 0.020746888671875 0.858921162109375 0.002074689453125 0.865145228515625 0 0.869640388671875 0 0.910788380859375
1 0.2136929453125 0.153526970703125 0.2012448125 0.114107884765625 0.1887966796875 0.103734439453125 0.1639004140625 0.114107884765625 0.1618257265625 0.16804979296875 0.190871369140625 0.176348546875 0.19294605859375 0.184647302734375 0.109958505859375 0.23029045703125 0.066390041015625 0.2634854765625 0.026970955078125 0.309128630859375 0.016597509765625 0.352697095703125 0.010373443359375 0.435684646484375 0.014522822265625 0.582987552734375 0.020746888671875 0.595435685546875 0.022821576171875 0.634854771484375 0.045643154296875 0.676348546875 0.107883818359375 0.726141078125 0.159751037109375 0.753112033203125 0.1887966796875 0.778008298828125 0.15560166015625 0.7987551875 0.15560166015625 0.83195020703125 0.1618257265625 0.85062240625 0.172199169921875 0.858921162109375 0.19294605859375 0.85477178515625 0.209543568359375 0.79460580859375 0.21991701171875 0.79253112109375 0.30497925390625 0.8381742734375 0.3609958515625 0.885892115234375 0.40663900390625 0.904564314453125 0.458506224609375 0.9128630703125 0.570539419921875 0.910788380859375 0.659751037109375 0.91908713671875 0.71991701171875 0.904564314453125 0.740663900390625 0.879668048828125 0.734439833984375 0.86721991796875 0.75103734375 0.865145228515625 0.75103734375 0.85684647265625 0.75726141015625 0.85684647265625 0.771784232421875 0.809128630859375 0.778008298828125 0.80705394140625 0.78008298828125 0.79253112109375 0.759336099609375 0.778008298828125 0.771784232421875 0.778008298828125 0.78008298828125 0.7614107890625 0.778008298828125 0.75103734375 0.7863070546875 0.746887966796875 0.7863070546875 0.69502074609375 0.778008298828125 0.69294605859375 0.78008298828125 0.622406638671875 0.7883817421875 0.558091287109375 0.796680498046875 0.55601659765625 0.7987551875 0.566390041015625 0.80497925390625 0.5622406640625 0.7987551875 0.558091287109375 0.80497925390625 0.551867220703125 0.800829875 0.529045642578125 0.7863070546875 0.510373443359375 0.80497925390625 0.49377593359375 0.800829875 0.46887966796875 0.80705394140625 0.466804978515625 0.79253112109375 0.448132779296875 0.800829875 0.433609958984375 0.800829875 0.414937759765625 0.79253112109375 0.414937759765625 0.796680498046875 0.408713693359375 0.7863070546875 0.38174273828125 0.80497925390625 0.36721991796875 0.800829875 0.34854771875 0.7863070546875 0.34439833984375 0.784232365234375 0.28215767578125 0.79253112109375 0.246887966796875 0.7863070546875 0.24273858984375 0.790456431640625 0.209543568359375 0.7863070546875 0.19502074609375 0.78008298828125 0.19294605859375 0.7863070546875 0.1887966796875 0.790456431640625 0.15767634765625 0.778008298828125 0.15145228125 0.771784232421875 0.122406638671875 0.73029045703125 0.064315353515625 0.699170125 0.0622406640625 0.678423236328125 0.04979253125 0.460580912109375 0.04979253125 0.41908713671875 0.05601659765625 0.365145228515625 0.076763486328125 0.30705394140625 0.122406638671875 0.2385892109375 0.1618257265625 0.224066390625 0.1618257265625 0.2136929453125 0.153526970703125
0 0.026970955078125 0.24896265625 0.026970955078125 0.300829875 0.047717841796875 0.273858921875 0.047717841796875 0.2614107890625 0.041493775390625 0.24273858984375 0.026970955078125 0.24896265625
0 0.016597509765625 0.63278008203125 0.008298755859375 0.634854771484375 0.002074689453125 0.641078837890625 0.002074689453125 0.68049792578125 0.026970955078125 0.665975103515625 0.022821576171875 0.6390041484375 0.016597509765625 0.63278008203125
0 0.114107884765625 0.8609958515625 0.122406638671875 0.8609958515625 0.116182572265625 0.846473029296875 0.109958505859375 0.85062240625 0.114107884765625 0.8609958515625
3 0 0.874481328125 0.004149376953125 0.865145228515625 0.039419087890625 0.840248962890625 0.085062240234375 0.825726140625 0.109958505859375 0.83195020703125 0.114107884765625 0.8132780078125 0.095435685546875 0.7987551875 0.095435685546875 0.7863070546875 0.0871369296875 0.78008298828125 0.041493775390625 0.7863070546875 0.004149376953125 0.800829875 0 0.8132780078125 0 0.874481328125
3 0 0.80705394140625 0.004149376953125 0.7987551875 0.060165974609375 0.78008298828125 0.078838173828125 0.78008298828125 0.10580912890625 0.800829875 0.107883818359375 0.76763485546875 0.08091286328125 0.7136929453125 0.066390041015625 0.7012448125 0.053941908203125 0.70746887890625 0.026970955078125 0.70746887890625 0 0.73084370703125 0 0.80705394140625
0 0.1618257265625 1 0.1618257265625 0.991701244140625 0.15560166015625 0.985477177734375 0.116182572265625 0.985477177734375 0.0622406640625 0.997925310546875 0.059474412109375 1 0.1618257265625 1