3 0.13187275 0 0.109243697265625 0.027310923828125 0.109243697265625 0.3025210078125 0.21848739453125 0.18067226953125 0.222689076171875 0.1491596640625 0.25 0.138655462890625 0.258403361328125 0.086134453125 0.2647058828125 0.0819327734375 0.2647058828125 0.0525210078125 0.271008404296875 0.042016806640625 0.271008404296875 0.010504201171875 0.273342669921875 0 0.13187275 0
0 0.20378151171875 0.17016806640625 0.20378151171875 0.1869747890625 0.2163865546875 0.174369748046875 0.212184873046875 0.15336134375 0.20378151171875 0.155462185546875 0.212184873046875 0.16596638671875 0.20378151171875 0.17016806640625
0 0.207983193359375 0.086134453125 0.20378151171875 0.073529412109375 0.189075630859375 0.067226890625 0.18487394921875 0.073529412109375 0.1974789921875 0.088235294921875 0.20378151171875 0.092436974609375 0.207983193359375 0.086134453125
0 0.13655462109375 0.075630251953125 0.13445378125 0.107142857421875 0.155462185546875 0.107142857421875 0.155462185546875 0.086134453125 0.142857142578125 0.075630251953125 0.13655462109375 0.075630251953125
0 0.1491596640625 0.1491596640625 0.1302521015625 0.1491596640625 0.13235294140625 0.163865546875 0.13655462109375 0.16596638671875 0.1491596640625 0.1491596640625
0 0.1201171875 0.1640625 0.00390625 0.00390625
0 0.155462185546875 0.210084033203125 0.142857142578125 0.20378151171875 0.144957982421875 0.195378150390625 0.140756302734375 0.205882353515625 0.11764705859375 0.19957983203125 0.11554621875 0.207983193359375 0.1302521015625 0.220588234375 0.142857142578125 0.222689076171875 0.161764705078125 0.207983193359375 0.163865546875 0.1974789921875 0.155462185546875 0.210084033203125
0 0.11554621875 0.23319327734375 0.109243697265625 0.23739495703125 0.11344537890625 0.241596638671875 0.11554621875 0.23319327734375
0 0.111328125 0.2236328125 0.00390625 0.005859375
3 0.28001200390625 0 0.277310923828125 0.006302521484375 0.277310923828125 0.039915966796875 0.2647058828125 0.060924369140625 0.2689075625 0.088235294921875 0.258403361328125 0.107142857421875 0.256302521484375 0.14705882421875 0.19957983203125 0.212184873046875 0.182773109375 0.222689076171875 0.18067226953125 0.23319327734375 0.109243697265625 0.31512605078125 0.109243697265625 0.68067226953125 0.11554621875 0.68067226953125 0.224789916015625 0.556722689453125 0.2352941171875 0.542016806640625 0.2352941171875 0.5147058828125 0.275210083984375 0.491596638671875 0.308823529296875 0.33403361328125 0.304621849609375 0.294117646484375 0.317226890625 0.275210083984375 0.317226890625 0.2310924375 0.323529412109375 0.228991595703125 0.323529412109375 0.2163865546875 0.344537814453125 0.18067226953125 0.344537814453125 0.163865546875 0.373949580078125 0.11554621875 0.426470587890625 0.086134453125 0.460084033203125 0.07983193359375 0.49789916015625 0.060924369140625 0.59873949609375 0.060924369140625 0.672268908203125 0.075630251953125 0.71848739453125 0.0336134453125 0.719476025390625 0 0.28001200390625 0
0 0.29296875 0.970703125 0.005859375 0.00390625
3 0.81757703125 1 0.81512605078125 0.9852941171875 0.821428572265625 0.94957983203125 0.821428572265625 0.59873949609375 0.8130252109375 0.5525210078125 0.821428572265625 0.544117646484375 0.821428572265625 0.48319327734375 0.79621848828125 0.46428571484375 0.78571428515625 0.439075630859375 0.722689076171875 0.422268908203125 0.70378151171875 0.43067226953125 0.659663865234375 0.422268908203125 0.594537814453125 0.422268908203125 0.560924369140625 0.443277310546875 0.491596638671875 0.457983193359375 0.445378150390625 0.4852941171875 0.413865546875 0.5525210078125 0.371848740234375 0.707983193359375 0.344537814453125 0.871848740234375 0.3319327734375 0.90126050390625 0.32983193359375 0.941176470703125 0.2785498828125 1 0.81757703125 1
0 0.2509765625 0.51171875 0.001953125 0.001953125
0 0.25 0.523109244140625 0.25 0.51680672265625 0.2310924375 0.5189075625 0.2310924375 0.537815126953125 0.25 0.523109244140625
0 0.174369748046875 0.4663865546875 0.182773109375 0.470588234375 0.189075630859375 0.455882353515625 0.207983193359375 0.455882353515625 0.212184873046875 0.443277310546875 0.191176470703125 0.443277310546875 0.174369748046875 0.457983193359375 0.174369748046875 0.4663865546875
0 0.191176470703125 0.525210083984375 0.18487394921875 0.539915966796875 0.174369748046875 0.544117646484375 0.176470587890625 0.567226890625 0.17016806640625 0.57983193359375 0.18067226953125 0.590336134765625 0.1869747890625 0.573529412109375 0.210084033203125 0.556722689453125 0.222689076171875 0.537815126953125 0.191176470703125 0.525210083984375
3 0.26413292578125 1 0.271008404296875 0.993697478515625 0.277310923828125 0.955882353515625 0.323529412109375 0.93487394921875 0.323529412109375 0.90336134375 0.342436974609375 0.85294117578125 0.34663865625 0.79621848828125 0.376050419921875 0.68487394921875 0.378151259765625 0.65126050390625 0.3991596640625 0.59663865625 0.405462185546875 0.55042016796875 0.432773109375 0.49789916015625 0.44957983203125 0.476890755859375 0.4810924375 0.457983193359375 0.506302521484375 0.445378150390625 0.577731091796875 0.43067226953125 0.592436974609375 0.41596638671875 0.6869747890625 0.422268908203125 0.73319327734375 0.4180672265625 0.7689075625 0.424369748046875 0.806722689453125 0.39705882421875 0.817226890625 0.38235294140625 0.821428572265625 0.357142857421875 0.821428572265625 0.220588234375 0.8130252109375 0.201680671875 0.7689075625 0.17016806640625 0.720588234375 0.161764705078125 0.701680671875 0.1197478984375 0.678571427734375 0.11344537890625 0.65336134375 0.07983193359375 0.63235294140625 0.073529412109375 0.5 0.067226890625 0.474789916015625 0.086134453125 0.38445378125 0.11344537890625 0.357142857421875 0.15336134375 0.325630251953125 0.25 0.310924369140625 0.357142857421875 0.298319328125 0.38445378125 0.298319328125 0.428571427734375 0.2836134453125 0.4663865546875 0.2836134453125 0.495798318359375 0.1680672265625 0.63655462109375 0.15126050390625 0.64705882421875 0.109243697265625 0.705882353515625 0.109243697265625 1 0.26413292578125 1